Year,Aberdeen Bay,Beatrice Offshore Windfarm 1,Beatrice Offshore Windfarm 2,Beatrice Offshore Windfarm 3,Beatrice Offshore Windfarm 4,BARROW OFFSHORE,Burbo Bank Wind Farm Extention,BURBO BANK,Dudgeon Offshore Wind Farm 1,Dudgeon Offshore Wind Farm 2,Dudgeon Offshore Wind Farm 3,Dudgeon Offshore Wind Farm 4,East Anglia One,East Anglia Two,Galloper 1,Galloper 2,Galloper 3,Galloper 4,GREATER GABBARD 1,GREATER GABBARD 2,GREATER GABBARD 3,GWYNT Y MOR 15,GWYNT Y MOR 17,GWYNT Y MOR 26,GWYNT Y MOR 28,Humber Gateway Offshore 1,Humber Gateway Offshore 2,Hornsea Project One,Hornsea Project Two,Hornsea Project Three,Hywind Windfarm,INNER DOWSING,Kincardine Phase 1,LONDON ARRAY 1,LONDON ARRAY 2,LONDON ARRAY 3,LONDON ARRAY 4,LINCS 1,LINCS 2,LYNN,NORTH HOYLE,ORMONDE,Race Bank 1,Race Bank 2,RHYL FLATS,Rampion Offshore Windfarm 1,Rampion Offshore Windfarm 2,ROBIN RIGG EAST,ROBIN RIGG WEST,SHERINGHAM SHOAL 1,SHERINGHAM SHOAL 2,Thanet 1,Thanet 2,West of Duddon Sands 1,West of Duddon Sands 2,WALNEY 2,WALNEY 3,WALNEY 4,WALNEY 1,Westermost Rough Windfarm
2003,0,0,0,0,0,0,0,0,0,0,0,0,0,0,0,0,0,0,0,0,0,0,0,0,0,0,0,0,0,0,0,0,0,0,0,0,0,0,0,0,0,0,0,0,0,0,0,0,0,0,0,0,0,0,0,0,0,0,0,0
2004,0,0,0,0,0,0,0,0,0,0,0,0,0,0,0,0,0,0,0,0,0,0,0,0,0,0,0,0,0,0,0,0,0,0,0,0,0,0,0,0,0,0,0,0,0,0,0,0,0,0,0,0,0,0,0,0,0,0,0,0
2005,0,0,0,0,0,0,0,0,0,0,0,0,0,0,0,0,0,0,0,0,0,0,0,0,0,0,0,0,0,0,0,0,0,0,0,0,0,0,0,0,0,0,0,0,0,0,0,0,0,0,0,0,0,0,0,0,0,0,0,0
2006,0,0,0,0,0,0,0,0,0,0,0,0,0,0,0,0,0,0,0,0,0,0,0,0,0,0,0,0,0,0,0,0,0,0,0,0,0,0,0,0,0,0,0,0,0,0,0,0,0,0,0,0,0,0,0,0,0,0,0,0
2007,0,0,0,0,0,0,0,0,0,0,0,0,0,0,0,0,0,0,0,0,0,0,0,0,0,0,0,0,0,0,0,0,0,0,0,0,0,0,0,0,0,0,0,0,0,0,0,0,0,0,0,0,0,0,0,0,0,0,0,0
2008,0,0,0,0,0,0,0,0,0,0,0,0,0,0,0,0,0,0,0,0,0,0,0,0,0,0,0,0,0,0,0,0,0,0,0,0,0,0,0,0,0,0,0,0,0,0,0,0,0,0,0,0,0,0,0,0,0,0,0,0
2009,0,0,0,0,0,0,0,0,0,0,0,0,0,0,0,0,0,0,0,0,0,0,0,0,0,0,0,0,0,0,0,0,0,0,0,0,0,0,0,0,0,0,0,0,0,0,0,0,0,0,0,0,0,0,0,0,0,0,0,0
2010,0,0,0,0,0,0,0,0,0,0,0,0,0,0,0,0,0,0,0,0,0,0,0,0,0,0,0,0,0,0,0,0,0,0,0,0,0,0,0,0,0,0,0,0,0,0,0,0,0,0,0,0,0,0,0,0,0,0,0,0
2011,0,0,0,0,0,0,0,0,0,0,0,0,0,0,0,0,0,0,0,0,0,0,0,0,0,0,0,0,0,0,0,0,0,0,0,0,0,0,0,0,0,0,0,0,0,0,0,0,0,0,0,0,0,0,0,0,0,0,0,0
2012,0,0,0,0,0,5.79608870967742,0,5.46943697729988,0,0,0,0,0,0,0,0,0,0,2.2102971476402,4.99857542978559,5.17764471057884,0,0,0,0,0,0,0,0,0,0,0,0,0,0,0,0,0,0,0,0,5.64904569892473,0,0,0,0,0,5.35589680406213,5.86645982676225,0,0,0,0,0,0,0,0,0,5.95660732122921,0
2013,0,0,0,0,0,3.63537356879729,0,3.34822670250896,0,0,0,0,0,0,0,0,0,0,1.8620889940549,4.35863005172451,4.08940854849441,0,0,0,0,0,0,0,0,0,0,0,0,3.60090084254281,3.53666652976902,3.78311351926523,3.850448140681,0,0,0,0,3.76980876642772,0,0,0,0,0,3.26696709478295,3.61449325467941,4.02693122474488,3.87739347904253,0,0,0,0,4.45046033110053,0,0,3.79004611267799,0
2014,0,0,0,0,0,5.6660274210142,0,5.79025227747909,0,0,0,0,0,0,0,0,0,0,3.1674826578921,6.81170610839253,6.49502132383977,0,0,0,0,0,0,0,0,0,0,0,0,6.04859937110049,6.19818730709876,6.05881263482344,5.9677578135371,6.38850461021505,7.23072785842294,0,0,6.01755341497411,0,0,0,0,0,5.19489770011947,3.19262965866853,6.47902486939631,6.62983577751524,0,0,0,0,7.38884962517383,0,0,6.26922618960182,0.619065053052284
2015,0,0,0,0,0,28.672240141607,0,29.4131667447339,0,0,0,0,0,0,0,0,0,0,16.8668633092852,35.612588829729,33.1906196598797,23.3308219500903,27.6089743469659,12.1726320017303,31.583844319797,0,0,0,0,0,0,0,0,29.0236587301364,29.9406226692891,29.4664765677865,29.5917312755017,16.6630013496038,18.0875508157822,0,0,32.2013071397356,0,0,0,0,0,22.868951776013,23.7161047050426,31.6983412670324,31.1667507446058,0,0,61.9867266227552,54.3794931880876,30.6131838863827,0,0,30.5572199131904,25.8568802439777
2016,0,0,0,0,0,34.8062144669648,0,32.2129136469152,0,0,0,0,0,0,0,0,0,0,19.6019411323359,42.5200955994528,40.4394529109344,31.3351117119028,31.3982070229039,23.9859554499011,35.5330358751826,0,0,0,0,0,0,0,0,34.9999292786335,37.0019700216723,34.9953049825238,35.3382532834143,20.8700865804575,22.7896958397828,0,0,36.1066261639054,0,0,0,0,0,30.202051451563,32.4833351870501,38.2430175515525,37.5321748739555,0,0,44.2564588889321,42.7470688573033,37.8795077805198,0,0,37.8274593617836,45.1769365539729
2017,0,0,0,0,0,37.7477146900247,36.7149225868594,29.8096960313078,0,0,0,0,0,0,0,0,0,0,20.8269076405346,43.910629349213,41.5301554198831,35.999284838739,36.4817800726076,38.7144820964627,39.4247265048913,0,0,0,0,0,0,0,0,35.1525979003043,33.6121614508258,35.5763771433899,35.452405825889,22.22181154332,24.6153311178381,0,0,32.968145508035,24.3628672131354,41.9150133296255,0,5.53328427419355,0,31.469899476338,35.8371832254819,42.495620290766,40.4723907911483,0,0,50.340703266715,47.8713967998136,49.7489969455555,33.3481601770392,1.26646403242148e-05,43.7577865770307,49.9288871286818
2018,0,0,0,0,0,35.5933535059308,38.4251421300932,33.4787346230421,31.9795212730652,37.3210414888775,34.935054252884,35.6239316273104,0,0,0,0,0,0,18.8806613095494,40.1824037955704,39.4175230423395,33.0312409433413,33.337380495772,34.1777424005954,35.0434941636791,40.1508104320097,0,0,0,0,43.6500542754736,0,0,32.4362650721963,31.3117339168206,29.310544768542,38.3425445487862,20.863143440358,23.0535130591371,0,0,34.5511489166693,40.7865215607261,40.092958879777,0,30.8093878877448,34.9850236808045,32.5362575994533,37.3562901707414,39.0111077491914,39.4554569259654,0,0,47.2374419864312,44.2408176561873,45.7112142473848,43.8292642208955,31.5595814729645,38.7108055907915,48.7895359431932
2019,33.5119582817902,44.6655817873753,45.355915383501,33.5498910878969,39.6310797021393,35.9545500553464,42.3971947881537,31.0192583644501,43.9827592046935,46.4854475909244,44.5734843545829,46.7160229150704,12.3807043098601,0.0024891761543327,0,0,0,0,17.0391072518525,25.3107707475152,38.7948782643146,33.2434421394614,32.3464807643248,35.286060990292,33.2216954842457,44.1784919381394,0,20.4796589083035,37.8456368119984,31.7731171202957,55.4227937675996,0,0,29.9630204214105,23.8669088699251,36.4055751060746,34.6777491464364,21.5207560981593,23.5640298550845,0,0,35.2917717913966,41.9835024274642,42.782164728479,0,37.6323469985052,20.9951499641841,31.3188126722142,35.3752473989814,39.2260492962146,38.5633870323769,0,0,45.2975019271758,43.9060714990907,47.5747785770284,48.2046965082419,45.4761341077552,38.9065742381209,47.637626395991
2020,30.6426096494311,37.5112489277977,41.9177517628581,41.8763755334619,40.4201760556923,29.1556257692921,39.4383051976688,32.9812224259717,40.1415632267066,43.6034940944578,41.2951118886115,42.0168260362208,31.1734337684442,18.4410182949262,0,0,0,0,18.9326739475155,40.8181502409053,38.426511275877,32.7415500670971,32.8511551127696,33.7831612318142,32.5215628808137,42.1364148025238,0,43.742638531866,43.7985974695549,34.0546724773359,44.776867355263,0,0,36.1870862413621,36.7824043439508,36.9704339531063,36.7203358276129,20.8926194546936,22.797019576494,0,0,36.2113370236226,42.0756001909113,40.6526357298902,0,34.770374416745,48.8052382777914,33.339053935857,36.7832170832188,38.1121104919623,36.9803536302621,0,0,42.5854200590313,40.2659538087897,41.8680240008846,42.0507729558076,32.0387911251475,35.7406315862371,45.2450926529858
