Year,Aberdeen Bay,Beatrice Offshore Windfarm 1,Beatrice Offshore Windfarm 2,Beatrice Offshore Windfarm 3,Beatrice Offshore Windfarm 4,BARROW OFFSHORE,Burbo Bank Wind Farm Extention,BURBO BANK,Dudgeon Offshore Wind Farm 1,Dudgeon Offshore Wind Farm 2,Dudgeon Offshore Wind Farm 3,Dudgeon Offshore Wind Farm 4,East Anglia One,East Anglia Two,Galloper 1,Galloper 2,Galloper 3,Galloper 4,GREATER GABBARD 1,GREATER GABBARD 2,GREATER GABBARD 3,GWYNT Y MOR 15,GWYNT Y MOR 17,GWYNT Y MOR 26,GWYNT Y MOR 28,Humber Gateway Offshore 1,Humber Gateway Offshore 2,Hornsea Project One,Hornsea Project Two,Hornsea Project Three,Hywind Windfarm,INNER DOWSING,Kincardine Phase 1,LONDON ARRAY 1,LONDON ARRAY 2,LONDON ARRAY 3,LONDON ARRAY 4,LINCS 1,LINCS 2,LYNN,NORTH HOYLE,ORMONDE,Race Bank 1,Race Bank 2,RHYL FLATS,Rampion Offshore Windfarm 1,Rampion Offshore Windfarm 2,ROBIN RIGG EAST,ROBIN RIGG WEST,SHERINGHAM SHOAL 1,SHERINGHAM SHOAL 2,Thanet 1,Thanet 2,West of Duddon Sands 1,West of Duddon Sands 2,WALNEY 2,WALNEY 3,WALNEY 4,WALNEY 1,Westermost Rough Windfarm
2003,0,0,0,0,0,0,0,0,0,0,0,0,0,0,0,0,0,0,0,0,0,0,0,0,0,0,0,0,0,0,0,0,0,0,0,0,0,0,0,0,0,0,0,0,0,0,0,0,0,0,0,0,0,0,0,0,0,0,0,0
2004,0,0,0,0,0,0,0,0,0,0,0,0,0,0,0,0,0,0,0,0,0,0,0,0,0,0,0,0,0,0,0,0,0,0,0,0,0,0,0,0,0,0,0,0,0,0,0,0,0,0,0,0,0,0,0,0,0,0,0,0
2005,0,0,0,0,0,0,0,0,0,0,0,0,0,0,0,0,0,0,0,0,0,0,0,0,0,0,0,0,0,0,0,0,0,0,0,0,0,0,0,0,0,0,0,0,0,0,0,0,0,0,0,0,0,0,0,0,0,0,0,0
2006,0,0,0,0,0,0,0,0,0,0,0,0,0,0,0,0,0,0,0,0,0,0,0,0,0,0,0,0,0,0,0,0,0,0,0,0,0,0,0,0,0,0,0,0,0,0,0,0,0,0,0,0,0,0,0,0,0,0,0,0
2007,0,0,0,0,0,0,0,0,0,0,0,0,0,0,0,0,0,0,0,0,0,0,0,0,0,0,0,0,0,0,0,0,0,0,0,0,0,0,0,0,0,0,0,0,0,0,0,0,0,0,0,0,0,0,0,0,0,0,0,0
2008,0,0,0,0,0,0,0,0,0,0,0,0,0,0,0,0,0,0,0,0,0,0,0,0,0,0,0,0,0,0,0,0,0,0,0,0,0,0,0,0,0,0,0,0,0,0,0,0,0,0,0,0,0,0,0,0,0,0,0,0
2009,0,0,0,0,0,0,0,0,0,0,0,0,0,0,0,0,0,0,0,0,0,0,0,0,0,0,0,0,0,0,0,0,0,0,0,0,0,0,0,0,0,0,0,0,0,0,0,0,0,0,0,0,0,0,0,0,0,0,0,0
2010,0,0,0,0,0,0,0,0,0,0,0,0,0,0,0,0,0,0,0,0,0,0,0,0,0,0,0,0,0,0,0,0,0,0,0,0,0,0,0,0,0,0,0,0,0,0,0,0,0,0,0,0,0,0,0,0,0,0,0,0
2011,0,0,0,0,0,0,0,0,0,0,0,0,0,0,0,0,0,0,0,0,0,0,0,0,0,0,0,0,0,0,0,0,0,0,0,0,0,0,0,0,0,0,0,0,0,0,0,0,0,0,0,0,0,0,0,0,0,0,0,0
2012,0,0,0,0,0,0,0,0,0,0,0,0,0,0,0,0,0,0,0,0,0,0,0,0,0,0,0,0,0,0,0,0,0,0,0,0,0,0,0,0,0,0,0,0,0,0,0,0,0,0,0,0,0,0,0,0,0,0,0,0
2013,0,0,0,0,0,0.00498660585577658,0,0.00484528226077819,0,0,0,0,0,0,0,0,0,0,0.00189531781005142,0.00427147853029588,0.00443297588101605,0,0,0,0,0,0,0,0,0,0,0,0,0,0,0,0,0,0,0,0,0.0102119845219113,0,0,0,0,0,0.00457608338194618,0.00501919455896786,0,0,0,0,0,0,0,0,0,0.0051049460922255,0
2014,0,0,0,0,0,0.0062506254302571,0,0.00577720591289313,0,0,0,0,0,0,0,0,0,0,0.00322775331798447,0.00756036898805129,0.0070946133619727,0,0,0,0,0,0,0,0,0,0,0,0,0.02138344162615,0.0210070729360313,0.0225476987801293,0.0229538767636684,0,0,0,0,0.0063721871822274,0,0,0,0,0,0.0057884175234059,0.00640351366756364,0.0137233136513522,0.013216798130357,0,0,0,0,0.00754080740408048,0,0,0.00645283503888316,0
2015,0,0,0,0,0,0.0295114448793175,0,0.0299617367249567,0,0,0,0,0,0,0,0,0,0,0.0162504816617302,0.0348951690967605,0.0333207707049695,0,0,0,0,0,0,0,0,0,0,0,0,0.030946375898949,0.0316870040800771,0.0309480367852394,0.0304951004074735,0.0130667579244552,0.0124345369252438,0,0,0.0312494732956927,0,0,0,0,0,0.0282736518380226,0.0175653643050009,0.0332894537773349,0.0340894683986468,0,0,0,0,0.0379759174116202,0,0,0.0322371266720827,0.0020495521902262
2016,0,0,0,0,0,0.298474477659042,0,0.306035236687678,0,0,0,0,0,0,0,0,0,0,0.173120673270613,0.364692975182364,0.340469484914826,0.207725451881648,0.300634538568084,0.132625566179392,0.345271279178402,0,0,0,0,0,0,0,0,0.299691230244992,0.309071066852057,0.304144139392983,0.305311154008929,0.172312380503681,0.187008077784949,0,0,0.331748258198618,0,0,0,0,0,0.240970489767074,0.251008137342415,0.330102967603027,0.322961022907016,0,0,0.164364072180708,0.144265406297099,0.31648517727992,0,0,0.314783276628713,0.2697423968392
2017,0,0,0,0,0,0.359572761016028,0,0.333354208648664,0,0,0,0,0,0,0,0,0,0,0.203672111298169,0.441282540446141,0.418975488946171,0.328941527273949,0.329726570283014,0.256057324851611,0.370952683714082,0,0,0,0,0,0,0,0,0.364496862000505,0.385052500249449,0.365175415717902,0.369375032637225,0.215512556561972,0.23493044498923,0,0,0.373633691181701,0,0,0,0,0,0.316847993388364,0.341587222601778,0.396137077718979,0.388521227330779,0,0,0.456801316900314,0.439814383729046,0.328772860984185,0,0,0.390141323542126,0.465857742919654
2018,0,0,0,0,0,0.390383124425288,0.381148413658766,0.282529335239911,0,0,0,0,0,0,0,0,0,0,0.214282377134891,0.451400803268791,0.427124305780234,0.37676582720842,0.380442985108539,0.406367621832059,0.41362108254028,0,0,0,0,0,0,0,0,0.361813058877459,0.34761503783177,0.366209301261427,0.366872267253391,0.227645568877192,0.25230012922973,0,0,0.312912825539509,0.104230862340669,0.17816222880454,0,0.00636354628076063,0,0.33468271790396,0.3802182825244,0.433754712892735,0.413359745033866,0,0,0.519779266415144,0.498614991210901,0.516103253293452,0.0582837036242752,3.12435333242963e-08,0.449779365933442,0.512187795971832
2019,0,0,0,0,0,0.364129335435289,0.397097134480139,0.34362104618115,0.192167361696694,0.22417314308173,0.209506436201489,0.213831635535959,0,0,0,0,0,0,0.190688442789638,0.404049729064123,0.39785903794061,0.346829930036931,0.348598815692661,0.358411183550738,0.365985214328325,0.40828429935784,0,0,0,0,0.270145732963376,0,0,0.328217506257689,0.319222789778887,0.296076590661815,0.388367913504985,0.212193145584517,0.234360219615745,0,0,0.355400216920157,0.415131665015981,0.408985812947134,0,0.288754450734068,0.27881235009754,0.337016200629688,0.389003991919537,0.394075032526777,0.398908646978036,0,0,0.480895891903754,0.45176447425862,0.466188204371955,0.454941803086457,0.325134874386326,0.394909344520596,0.493469403620642
2020,0.328053922707176,0.448070377324222,0.441132492916352,0.239956947769636,0.352175703200068,0.343519277609086,0.408287205629552,0.293935002239124,0.39456551812081,0.436688629742572,0.407002913322586,0.436146826502409,5.56044600938967e-06,7.11733637116819e-06,0,0,0,0,0.140171142744242,0.236543632369558,0.355779550058385,0.327313869443638,0.329853583298364,0.3435398659479,0.349530470213165,0.412639701640434,0,0.00134591763181318,0.211933001026571,0.0786909236215216,0.532419297702587,0,0,0.254680335408706,0.167473801171708,0.338233627823758,0.316823596187037,0.205806292176039,0.225248783049674,0,0,0.364855648126891,0.388856871052551,0.406214558540697,0,0.374949667161363,0.361881646908833,0.308954339795949,0.350149826845222,0.367844792279554,0.364228368480953,0,0,0.414654833020454,0.408467355455299,0.458975775525137,0.457958900540245,0.413363194395076,0.368046189989801,0.455710331220507
